Complex;100;50;2;215004278
Complex;100;50;5;287725790
Complex;100;50;10;234020110
Complex;100;50;50;1169729713
Complex;100;75;2;119872953
Complex;100;75;5;177688445
Complex;100;75;10;301028315
Complex;100;75;50;6222623753
Complex;100;100;2;153130207
Complex;100;100;5;207491347
Complex;100;100;10;379757288
Complex;100;100;50;2388320862

Complex;100;50;2;166724473
Complex;100;50;5;183277133
Complex;100;50;10;188747437
Complex;100;50;50;1032786879
Complex;100;75;2;117703607
Complex;100;75;5;193806973
Complex;100;75;10;329103150
Complex;100;75;50;6873299667
Complex;100;100;2;157702561
Complex;100;100;5;241628988
Complex;100;100;10;363441297
Complex;100;100;50;7531054611

Complex;100;50;2;254058408
Complex;100;50;5;217214277
Complex;100;50;10;196494590
Complex;100;50;50;949310123
Complex;100;75;2;125488010
Complex;100;75;5;216761271
Complex;100;75;10;381034552
Complex;100;75;50;1767847959
Complex;100;100;2;147457766
Complex;100;100;5;224997055
Complex;100;100;10;382181790
Complex;100;100;50;7580047523
